0.009253,0.006458,0.016159

joint =

    0.1997    0.0868    0.0122    0.0040    0.4157    0.1909    0.0511    0.0396


conditionals =

    0.6597    0.2868    0.0403    0.0132         0         0         0         0
         0         0         0         0    0.5962    0.2738    0.0733    0.0568
    0.2236    0.0972         0         0    0.4655    0.2137         0         0
    0.6970    0.3030         0         0         0         0         0         0
         0         0         0         0    0.6853    0.3147         0         0
         0         0    0.1141    0.0374         0         0    0.4780    0.3704
         0         0    0.7531    0.2469         0         0         0         0
         0         0         0         0         0         0    0.5634    0.4366
    0.2942         0    0.0180         0    0.6125         0    0.0753         0
    0.9424         0    0.0576         0         0         0         0         0
         0         0         0         0    0.8905         0    0.1095         0
    0.3245         0         0         0    0.6755         0         0         0
         0         0    0.1927         0         0         0    0.8073         0
         0    0.2702         0    0.0124         0    0.5941         0    0.1232
         0    0.9559         0    0.0441         0         0         0         0
         0         0         0         0         0    0.8282         0    0.1718
         0    0.3126         0         0         0    0.6874         0         0
         0         0         0    0.0917         0         0         0    0.9083


state =

    0.6652    0.2388    0.0610    0.0350         0         0         0         0
         0         0         0         0    0.5699    0.2971    0.0466    0.0864
    0.2336    0.0827         0         0    0.4532    0.2305         0         0
    0.7411    0.2589         0         0         0         0         0         0
         0         0         0         0    0.6289    0.3711         0         0
         0         0         0         0         0         0    0.5265    0.4735
         0         0    0.6260    0.3740         0         0         0         0
         0         0         0         0         0         0    0.5139    0.4861
    0.4091         0    0.0314         0    0.4669         0    0.0926         0
    0.8814         0    0.1186         0         0         0         0         0
         0         0         0         0    0.8361         0    0.1639         0
    0.4718         0         0         0    0.5282         0         0         0
         0         0         0         0         0         0    1.0000         0
         0    0.0099         0         0         0    0.9629         0    0.0272
         0    0.9592         0    0.0408         0         0         0         0
         0         0         0         0         0    0.9639         0    0.0361
         0    0.0053         0         0         0    0.9947         0         0
         0         0         0         0         0         0         0    1.0000

1,no10.mat,fail,0,4.935718,0.015650

ans =

    0.1997    0.0868    0.0122    0.0040    0.4157    0.1909    0.0511    0.0396