0.003997,0.003562,0.053104

joint =

    0.2666    0.0870    0.3009    0.0882    0.0405    0.0105    0.1609    0.0454


conditionals =

    0.3590    0.1171    0.4051    0.1188         0         0         0         0
         0         0         0         0    0.1574    0.0408    0.6253    0.1764
    0.6589    0.2150         0         0    0.1001    0.0260         0         0
    0.7540    0.2460         0         0         0         0         0         0
         0         0         0         0    0.7941    0.2059         0         0
         0         0    0.5054    0.1481         0         0    0.2702    0.0763
         0         0    0.7733    0.2267         0         0         0         0
         0         0         0         0         0         0    0.7799    0.2201
    0.3467         0    0.3913         0    0.0527         0    0.2093         0
    0.4698         0    0.5302         0         0         0         0         0
         0         0         0         0    0.2011         0    0.7989         0
    0.8681         0         0         0    0.1319         0         0         0
         0         0    0.6516         0         0         0    0.3484         0
         0    0.3765         0    0.3817         0    0.0454         0    0.1965
         0    0.4966         0    0.5034         0         0         0         0
         0         0         0         0         0    0.1878         0    0.8122
         0    0.8923         0         0         0    0.1077         0         0
         0         0         0    0.6602         0         0         0    0.3398


state =

    0.3123    0.1018    0.4426    0.1433         0         0         0         0
         0         0         0         0    0.2762    0.0680    0.4370    0.2188
    0.8436    0.0669         0         0    0.0723    0.0172         0         0
    0.8964    0.1036         0         0         0         0         0         0
         0         0         0         0    0.8290    0.1710         0         0
         0         0    0.3628    0.1899         0         0    0.3172    0.1301
         0         0    0.7110    0.2890         0         0         0         0
         0         0         0         0         0         0    0.6300    0.3700
    0.3279         0    0.4833         0    0.0410         0    0.1478         0
    0.3668         0    0.6332         0         0         0         0         0
         0         0         0         0    0.3219         0    0.6781         0
    0.9260         0         0         0    0.0740         0         0         0
         0         0    0.7001         0         0         0    0.2999         0
         0    0.3512         0    0.0428         0    0.1156         0    0.4904
         0    0.5011         0    0.4989         0         0         0         0
         0         0         0         0         0    0.4469         0    0.5531
         0    0.3632         0         0         0    0.6368         0         0
         0         0         0    0.1234         0         0         0    0.8766

1,no4.mat,fail,0,2.702716,0.009996