0.005043,0.005514,0.054484

joint =

    0.1418    0.0094    0.2506    0.0044    0.0864    0.0005    0.5008    0.0061


conditionals =

    0.3491    0.0231    0.6169    0.0108         0         0         0         0
         0         0         0         0    0.1455    0.0008    0.8434    0.0103
    0.5955    0.0395         0         0    0.3629    0.0021         0         0
    0.9378    0.0622         0         0         0         0         0         0
         0         0         0         0    0.9942    0.0058         0         0
         0         0    0.3289    0.0058         0         0    0.6573    0.0080
         0         0    0.9827    0.0173         0         0         0         0
         0         0         0         0         0         0    0.9880    0.0120
    0.1448         0    0.2558         0    0.0882         0    0.5112         0
    0.3614         0    0.6386         0         0         0         0         0
         0         0         0         0    0.1471         0    0.8529         0
    0.6214         0         0         0    0.3786         0         0         0
         0         0    0.3335         0         0         0    0.6665         0
         0    0.4608         0    0.2157         0    0.0245         0    0.2990
         0    0.6812         0    0.3188         0         0         0         0
         0         0         0         0         0    0.0758         0    0.9242
         0    0.9495         0         0         0    0.0505         0         0
         0         0         0    0.4190         0         0         0    0.5810


state =

    0.4592         0    0.5408         0         0         0         0         0
         0         0         0         0    0.1776    0.0249    0.7223    0.0752
    0.2331    0.0479         0         0    0.6555    0.0635         0         0
    1.0000         0         0         0         0         0         0         0
         0         0         0         0    0.8326    0.1674         0         0
         0         0    0.3965    0.0064         0         0    0.5862    0.0109
         0         0    1.0000         0         0         0         0         0
         0         0         0         0         0         0    0.9071    0.0929
    0.1555         0    0.2558         0    0.0845         0    0.5042         0
    0.4538         0    0.5462         0         0         0         0         0
         0         0         0         0         0         0    1.0000         0
    0.3341         0         0         0    0.6659         0         0         0
         0         0    0.4069         0         0         0    0.5931         0
         0         0         0    0.0001         0         0         0    0.9999
         0    0.5014         0    0.4986         0         0         0         0
         0         0         0         0         0         0         0    1.0000
         0    0.0692         0         0         0    0.9308         0         0
         0         0         0         0         0         0         0    1.0000

1,no5.mat,fail,0,13.678922,0.003129

ans =

    0.1418    0.0094    0.2506    0.0044    0.0864    0.0005    0.5008    0.0061