0.100049,0.023370,0.072063

joint =

    0.1042    0.0167    0.0084         0    0.2565    0.0003    0.3210    0.2929


conditionals =

    0.8059    0.1292    0.0650         0         0         0         0         0
         0         0         0         0    0.2946    0.0003    0.3687    0.3364
    0.2759    0.0442         0         0    0.6791    0.0008         0         0
    0.8619    0.1381         0         0         0         0         0         0
         0         0         0         0    0.9988    0.0012         0         0
         0         0    0.0135         0         0         0    0.5158    0.4707
         0         0    1.0000         0         0         0         0         0
         0         0         0         0         0         0    0.5229    0.4771
    0.1510         0    0.0122         0    0.3717         0    0.4651         0
    0.9254         0    0.0746         0         0         0         0         0
         0         0         0         0    0.4442         0    0.5558         0
    0.2889         0         0         0    0.7111         0         0         0
         0         0    0.0255         0         0         0    0.9745         0
         0    0.0539         0         0         0    0.0010         0    0.9451
         0    1.0000         0         0         0         0         0         0
         0         0         0         0         0    0.0010         0    0.9990
         0    0.9824         0         0         0    0.0176         0         0
         0         0         0         0         0         0         0    1.0000


state =

         0         0    0.6771    0.3229         0         0         0         0
         0         0         0         0    0.3397    0.0072    0.3397    0.3134
    0.3194    0.0561         0         0    0.4719    0.1526         0         0
    0.7197    0.2803         0         0         0         0         0         0
         0         0         0         0    0.8044    0.1956         0         0
         0         0         0         0         0         0    0.6753    0.3247
         0         0    0.7191    0.2809         0         0         0         0
         0         0         0         0         0         0    0.6709    0.3291
         0         0         0         0         0         0    1.0000         0
         0         0    1.0000         0         0         0         0         0
         0         0         0         0         0         0    1.0000         0
    0.6788         0         0         0    0.3212         0         0         0
         0         0         0         0         0         0    1.0000         0
         0    0.0503         0    0.0107         0    0.4298         0    0.5092
         0    0.6294         0    0.3706         0         0         0         0
         0         0         0         0         0    0.4758         0    0.5242
         0    0.1722         0         0         0    0.8278         0         0
         0         0         0         0         0         0         0    1.0000

1,no6.mat,fail,1,28.256395,0.124985

ans =

    0.1042    0.0167    0.0084         0    0.2565    0.0003    0.3210    0.2929