0.028195,0.033258,0.044968

joint =

    0.3018    0.1597    0.1014    0.0969    0.1440    0.0258    0.1143    0.0561


conditionals =

    0.4574    0.2420    0.1537    0.1469         0         0         0         0
         0         0         0         0    0.4233    0.0758    0.3360    0.1649
    0.4781    0.2530         0         0    0.2281    0.0409         0         0
    0.6540    0.3460         0         0         0         0         0         0
         0         0         0         0    0.8481    0.1519         0         0
         0         0    0.2750    0.2628         0         0    0.3100    0.1522
         0         0    0.5113    0.4887         0         0         0         0
         0         0         0         0         0         0    0.6708    0.3292
    0.4562         0    0.1533         0    0.2177         0    0.1728         0
    0.7485         0    0.2515         0         0         0         0         0
         0         0         0         0    0.5575         0    0.4425         0
    0.6770         0         0         0    0.3230         0         0         0
         0         0    0.4701         0         0         0    0.5299         0
         0    0.4718         0    0.2863         0    0.0762         0    0.1657
         0    0.6224         0    0.3776         0         0         0         0
         0         0         0         0         0    0.3150         0    0.6850
         0    0.8609         0         0         0    0.1391         0         0
         0         0         0    0.6333         0         0         0    0.3667


state =

    0.3848    0.1972    0.2932    0.1248         0         0         0         0
         0         0         0         0    0.4422    0.1687    0.2137    0.1754
    0.4155    0.2057         0         0    0.2883    0.0905         0         0
    0.7053    0.2947         0         0         0         0         0         0
         0         0         0         0    0.6488    0.3512         0         0
         0         0    0.3463    0.2971         0         0    0.2953    0.0613
         0         0    0.6465    0.3535         0         0         0         0
         0         0         0         0         0         0    0.5978    0.4022
    0.4749         0    0.2445         0    0.0836         0    0.1970         0
    0.5506         0    0.4494         0         0         0         0         0
         0         0         0         0    0.5315         0    0.4685         0
    0.7423         0         0         0    0.2577         0         0         0
         0         0    0.6977         0         0         0    0.3023         0
         0    0.3304         0    0.0230         0    0.5050         0    0.1416
         0    0.8413         0    0.1587         0         0         0         0
         0         0         0         0         0    0.7947         0    0.2053
         0    0.3029         0         0         0    0.6971         0         0
         0         0         0    0.4427         0         0         0    0.5573

1,no8.mat,fail,0,2.860158,0.013641

ans =

    0.3018    0.1597    0.1014    0.0969    0.1440    0.0258    0.1143    0.0561