0.040907,0.083968,0.099288

joint =

    0.1040    0.1576    0.0045    0.0624    0.2264    0.0061    0.2510    0.1880


conditionals =

    0.3166    0.4798    0.0137    0.1900         0         0         0         0
         0         0         0         0    0.3372    0.0091    0.3738    0.2800
    0.2105    0.3190         0         0    0.4582    0.0123         0         0
    0.3976    0.6024         0         0         0         0         0         0
         0         0         0         0    0.9738    0.0262         0         0
         0         0    0.0089    0.1233         0         0    0.4961    0.3716
         0         0    0.0673    0.9327         0         0         0         0
         0         0         0         0         0         0    0.5718    0.4282
    0.1775         0    0.0077         0    0.3864         0    0.4284         0
    0.9585         0    0.0415         0         0         0         0         0
         0         0         0         0    0.4742         0    0.5258         0
    0.3148         0         0         0    0.6852         0         0         0
         0         0    0.0176         0         0         0    0.9824         0
         0    0.3806         0    0.1507         0    0.0147         0    0.4540
         0    0.7164         0    0.2836         0         0         0         0
         0         0         0         0         0    0.0314         0    0.9686
         0    0.9627         0         0         0    0.0373         0         0
         0         0         0    0.2492         0         0         0    0.7508


state =

    0.3008    0.2102    0.3224    0.1666         0         0         0         0
         0         0         0         0    0.4010    0.1338    0.1693    0.2959
    0.3777    0.2471         0         0    0.3101    0.0651         0         0
    0.6844    0.3156         0         0         0         0         0         0
         0         0         0         0    0.6740    0.3260         0         0
         0         0    0.1503    0.0663         0         0    0.3931    0.3903
         0         0    0.6598    0.3402         0         0         0         0
         0         0         0         0         0         0    0.5212    0.4788
    0.4721         0    0.1053         0    0.0499         0    0.3727         0
    0.4962         0    0.5038         0         0         0         0         0
         0         0         0         0    1.0000         0         0         0
    0.7392         0         0         0    0.2608         0         0         0
         0         0    0.4459         0         0         0    0.5541         0
         0    0.2604         0    0.0870         0    0.3347         0    0.3179
         0    0.5193         0    0.4807         0         0         0         0
         0         0         0         0         0    0.5739         0    0.4261
         0    0.3519         0         0         0    0.6481         0         0
         0         0         0         0         0         0         0    1.0000

1,no9.mat,fail,0,12.072902,0.047325

ans =

    0.1040    0.1576    0.0045    0.0624    0.2264    0.0061    0.2510    0.1880