test(1, 10, 3, '90/3021.mat', 0, 0, 0, 1, '0')
0.089179,0.005054,0.051015

joint =

    0.1176    0.0531    0.0267    0.0521    0.2393    0.0697    0.1745    0.2670


conditionals =

    0.4713    0.2128    0.1070    0.2088         0         0         0         0
         0         0         0         0    0.3189    0.0929    0.2325    0.3558
    0.2452    0.1107         0         0    0.4989    0.1453         0         0
    0.6889    0.3111         0         0         0         0         0         0
         0         0         0         0    0.7744    0.2256         0         0
         0         0    0.0513    0.1001         0         0    0.3354    0.5132
         0         0    0.3388    0.6612         0         0         0         0
         0         0         0         0         0         0    0.3952    0.6048
    0.2107         0    0.0478         0    0.4288         0    0.3127         0
    0.8150         0    0.1850         0         0         0         0         0
         0         0         0         0    0.5783         0    0.4217         0
    0.3295         0         0         0    0.6705         0         0         0
         0         0    0.1327         0         0         0    0.8673         0
         0    0.1202         0    0.1179         0    0.1577         0    0.6042
         0    0.5048         0    0.4952         0         0         0         0
         0         0         0         0         0    0.2070         0    0.7930
         0    0.4324         0         0         0    0.5676         0         0
         0         0         0    0.1633         0         0         0    0.8367


state =

    0.3078    0.2113    0.3235    0.1574         0         0         0         0
         0         0         0         0    0.3296    0.1294    0.2190    0.3220
    0.3134    0.1813         0         0    0.3557    0.1496         0         0
    0.6884    0.3116         0         0         0         0         0         0
         0         0         0         0    0.6218    0.3782         0         0
         0         0    0.1953    0.0311         0         0    0.3389    0.4347
         0         0    0.6353    0.3647         0         0         0         0
         0         0         0         0         0         0    0.5191    0.4809
    0.3512         0    0.1432         0    0.1256         0    0.3800         0
    0.5206         0    0.4794         0         0         0         0         0
         0         0         0         0    0.4250         0    0.5750         0
    0.7244         0         0         0    0.2756         0         0         0
         0         0    0.3227         0         0         0    0.6773         0
         0    0.0930         0    0.0189         0    0.4483         0    0.4398
         0    0.6675         0    0.3325         0         0         0         0
         0         0         0         0         0    0.5258         0    0.4742
         0    0.2797         0         0         0    0.7203         0         0
         0         0         0         0         0         0         0    1.0000

1,90/3021.mat,success,0,3.227099,0.094445

ans =

    0.1176    0.0531    0.0267    0.0521    0.2393    0.0697    0.1745    0.2670