test(1, 10, 3, '91/2408.mat', 0, 0, 0, 1, '0')
0.091664,0.009129,0.045599

joint =

    0.1125    0.0502    0.0309    0.0496    0.2450    0.0738    0.1637    0.2743


conditionals =

    0.4626    0.2064    0.1271    0.2039         0         0         0         0
         0         0         0         0    0.3237    0.0975    0.2163    0.3624
    0.2336    0.1043         0         0    0.5088    0.1533         0         0
    0.6915    0.3085         0         0         0         0         0         0
         0         0         0         0    0.7685    0.2315         0         0
         0         0    0.0596    0.0957         0         0    0.3157    0.5290
         0         0    0.3839    0.6161         0         0         0         0
         0         0         0         0         0         0    0.3737    0.6263
    0.2038         0    0.0560         0    0.4438         0    0.2965         0
    0.7845         0    0.2155         0         0         0         0         0
         0         0         0         0    0.5995         0    0.4005         0
    0.3147         0         0         0    0.6853         0         0         0
         0         0    0.1588         0         0         0    0.8412         0
         0    0.1121         0    0.1107         0    0.1648         0    0.6124
         0    0.5030         0    0.4970         0         0         0         0
         0         0         0         0         0    0.2120         0    0.7880
         0    0.4048         0         0         0    0.5952         0         0
         0         0         0    0.1531         0         0         0    0.8469


state =

    0.3110    0.1890    0.3132    0.1868         0         0         0         0
         0         0         0         0    0.3202    0.1468    0.2232    0.3098
    0.3042    0.1693         0         0    0.3451    0.1814         0         0
    0.6923    0.3077         0         0         0         0         0         0
         0         0         0         0    0.6096    0.3904         0         0
         0         0    0.1730    0.0286         0         0    0.3474    0.4510
         0         0    0.6534    0.3466         0         0         0         0
         0         0         0         0         0         0    0.5118    0.4882
    0.3433         0    0.1508         0    0.1349         0    0.3710         0
    0.4829         0    0.5171         0         0         0         0         0
         0         0         0         0    0.4319         0    0.5681         0
    0.7021         0         0         0    0.2979         0         0         0
         0         0    0.3290         0         0         0    0.6710         0
         0    0.0825         0    0.0150         0    0.4249         0    0.4776
         0    0.6280         0    0.3720         0         0         0         0
         0         0         0         0         0    0.5066         0    0.4934
         0    0.2557         0         0         0    0.7443         0         0
         0         0         0         0         0         0         0    1.0000

1,91/2408.mat,success,0,2.975877,0.098544

ans =

    0.1125    0.0502    0.0309    0.0496    0.2450    0.0738    0.1637    0.2743