test(1, 10, 3, '92/507.mat', 0, 0, 0, 1, '0')
0.084554,0.000264,0.049376

joint =

    0.1215    0.0561    0.0337    0.0555    0.2431    0.0599    0.1844    0.2458


conditionals =

    0.4554    0.2103    0.1263    0.2080         0         0         0         0
         0         0         0         0    0.3316    0.0817    0.2515    0.3352
    0.2528    0.1167         0         0    0.5058    0.1246         0         0
    0.6841    0.3159         0         0         0         0         0         0
         0         0         0         0    0.8023    0.1977         0         0
         0         0    0.0649    0.1069         0         0    0.3550    0.4732
         0         0    0.3778    0.6222         0         0         0         0
         0         0         0         0         0         0    0.4286    0.5714
    0.2085         0    0.0578         0    0.4172         0    0.3165         0
    0.7829         0    0.2171         0         0         0         0         0
         0         0         0         0    0.5687         0    0.4313         0
    0.3332         0         0         0    0.6668         0         0         0
         0         0    0.1545         0         0         0    0.8455         0
         0    0.1344         0    0.1330         0    0.1435         0    0.5890
         0    0.5027         0    0.4973         0         0         0         0
         0         0         0         0         0    0.1959         0    0.8041
         0    0.4836         0         0         0    0.5164         0         0
         0         0         0    0.1842         0         0         0    0.8158


state =

    0.3311    0.1716    0.3226    0.1747         0         0         0         0
         0         0         0         0    0.3922    0.0788    0.1762    0.3528
    0.3408    0.1413         0         0    0.3705    0.1474         0         0
    0.7242    0.2758         0         0         0         0         0         0
         0         0         0         0    0.6804    0.3196         0         0
         0         0    0.1563    0.0471         0         0    0.4022    0.3944
         0         0    0.6796    0.3204         0         0         0         0
         0         0         0         0         0         0    0.5342    0.4658
    0.3880         0    0.1162         0    0.1118         0    0.3840         0
    0.5153         0    0.4847         0         0         0         0         0
         0         0         0         0    0.4376         0    0.5624         0
    0.6668         0         0         0    0.3332         0         0         0
         0         0    0.3185         0         0         0    0.6815         0
         0    0.1250         0    0.0244         0    0.4184         0    0.4322
         0    0.6789         0    0.3211         0         0         0         0
         0         0         0         0         0    0.5181         0    0.4819
         0    0.2299         0         0         0    0.7701         0         0
         0         0         0         0         0         0         0    1.0000

1,92/507.mat,success,0,3.222868,0.086882

ans =

    0.1215    0.0561    0.0337    0.0555    0.2431    0.0599    0.1844    0.2458