test(1, 10, 3, '93/977.mat', 0, 0, 0, 1, '0')
0.090535,0.007274,0.053986

joint =

    0.1350    0.0541    0.0271    0.0572    0.2354    0.0697    0.1688    0.2527


conditionals =

    0.4938    0.1979    0.0991    0.2092         0         0         0         0
         0         0         0         0    0.3240    0.0959    0.2323    0.3478
    0.2732    0.1095         0         0    0.4763    0.1410         0         0
    0.7139    0.2861         0         0         0         0         0         0
         0         0         0         0    0.7716    0.2284         0         0
         0         0    0.0536    0.1131         0         0    0.3337    0.4996
         0         0    0.3215    0.6785         0         0         0         0
         0         0         0         0         0         0    0.4005    0.5995
    0.2384         0    0.0479         0    0.4157         0    0.2981         0
    0.8328         0    0.1672         0         0         0         0         0
         0         0         0         0    0.5824         0    0.4176         0
    0.3645         0         0         0    0.6355         0         0         0
         0         0    0.1383         0         0         0    0.8617         0
         0    0.1247         0    0.1319         0    0.1607         0    0.5827
         0    0.4861         0    0.5139         0         0         0         0
         0         0         0         0         0    0.2162         0    0.7838
         0    0.4370         0         0         0    0.5630         0         0
         0         0         0    0.1846         0         0         0    0.8154


state =

    0.3420    0.1899    0.3031    0.1650         0         0         0         0
         0         0         0         0    0.3082    0.1504    0.2456    0.2958
    0.3495    0.1740         0         0    0.3271    0.1494         0         0
    0.6919    0.3081         0         0         0         0         0         0
         0         0         0         0    0.6020    0.3980         0         0
         0         0    0.2016    0.0285         0         0    0.3207    0.4492
         0         0    0.6166    0.3834         0         0         0         0
         0         0         0         0         0         0    0.5136    0.4864
    0.3849         0    0.1667         0    0.1163         0    0.3321         0
    0.4954         0    0.5046         0         0         0         0         0
         0         0         0         0    0.4437         0    0.5563         0
    0.7435         0         0         0    0.2565         0         0         0
         0         0    0.3096         0         0         0    0.6904         0
         0    0.1165         0    0.0189         0    0.4338         0    0.4308
         0    0.6828         0    0.3172         0         0         0         0
         0         0         0         0         0    0.5135         0    0.4865
         0    0.3313         0         0         0    0.6687         0         0
         0         0         0         0         0         0         0    1.0000

1,93/977.mat,success,0,3.421210,0.093309

ans =

    0.1350    0.0541    0.0271    0.0572    0.2354    0.0697    0.1688    0.2527