0.096658,0.001281,0.040360

joint =

    0.1111    0.0511    0.0264    0.0598    0.2596    0.0687    0.1616    0.2617


conditionals =

    0.4473    0.2057    0.1063    0.2407         0         0         0         0
         0         0         0         0    0.3454    0.0914    0.2150    0.3482
    0.2265    0.1042         0         0    0.5293    0.1401         0         0
    0.6850    0.3150         0         0         0         0         0         0
         0         0         0         0    0.7907    0.2093         0         0
         0         0    0.0518    0.1174         0         0    0.3172    0.5136
         0         0    0.3063    0.6937         0         0         0         0
         0         0         0         0         0         0    0.3818    0.6182
    0.1989         0    0.0473         0    0.4647         0    0.2892         0
    0.8080         0    0.1920         0         0         0         0         0
         0         0         0         0    0.6163         0    0.3837         0
    0.2997         0         0         0    0.7003         0         0         0
         0         0    0.1404         0         0         0    0.8596         0
         0    0.1158         0    0.1355         0    0.1557         0    0.5930
         0    0.4608         0    0.5392         0         0         0         0
         0         0         0         0         0    0.2079         0    0.7921
         0    0.4265         0         0         0    0.5735         0         0
         0         0         0    0.1860         0         0         0    0.8140


state =

    0.3095    0.2112    0.3059    0.1734         0         0         0         0
         0         0         0         0    0.3637    0.1063    0.1809    0.3491
    0.3150    0.1744         0         0    0.3542    0.1564         0         0
    0.6876    0.3124         0         0         0         0         0         0
         0         0         0         0    0.6167    0.3833         0         0
         0         0    0.1891    0.0278         0         0    0.3319    0.4512
         0         0    0.6361    0.3639         0         0         0         0
         0         0         0         0         0         0    0.5196    0.4804
    0.4025         0    0.1266         0    0.0947         0    0.3762         0
    0.5022         0    0.4978         0         0         0         0         0
         0         0         0         0    0.4369         0    0.5631         0
    0.7304         0         0         0    0.2696         0         0         0
         0         0    0.3193         0         0         0    0.6807         0
         0    0.0947         0    0.0201         0    0.4468         0    0.4384
         0    0.6667         0    0.3333         0         0         0         0
         0         0         0         0         0    0.5044         0    0.4956
         0    0.2230         0         0         0    0.7770         0         0
         0         0         0         0         0         0         0    1.0000

1,55/9631.mat,success,0,3.822897,0.092708

ans =

    0.1111    0.0511    0.0264    0.0598    0.2596    0.0687    0.1616    0.2617

	p(a)           = 0.435900
	p(b)           = 0.509100
	p(c)           = 0.762900
	p(a)p(b)p(c)   = 0.169300
	p(b=1|a=0,c=0) = 0.176516
	p(b=1|a=0,c=1) = 0.381051
	p(b=1|a=1,c=0) = 0.525281
	p(b=1|a=1,c=1) = 0.804315
	
	net.weights

	ans =

	   -0.4754   -0.3966    0.3394    0.5391    0.0079    0.0485   -0.1499    0.4682    0.6950   -0.2492
	   -0.1906   -0.6733   -0.1896    0.5597    0.3014    0.2719    0.4641    0.9982   -0.3962    0.5098
	    0.0925    0.2951    0.2180    0.8199   -0.1455    0.8298   -0.7720    0.2229    0.8307    1.0087
	   -0.0553   -0.4711    0.2322    0.2596    0.2939    0.2203    0.6124    0.3716    0.1821    0.2501
	    0.9098   -0.0763    0.3240    0.0842    0.4882    0.0115   -0.4739   -0.4970   -0.2070    0.2649
	    0.5557   -0.3054   -0.3813    0.8843    0.3970   -0.7073   -0.2496   -0.4076    0.3626    1.2597
	   -0.0607    0.7082    0.7250    0.9406    0.5094    0.2421    0.4927    0.2620    0.2738    0.3891
	   -0.1358    0.4458    0.9472    0.1815    0.2366    0.2964    1.1983    0.1881    0.8796    1.0511
	    0.2167    0.4341    0.9117   -0.2936   -0.3058    0.6288    0.1457    0.0448   -1.0597   -1.2900
	    0.0344    1.0344   -0.4559    0.6360   -0.1287    0.0832    0.2598   -0.2218   -0.5889    0.3577

	>> net.extinput

	ans =

	   -0.2091    0.0120   -0.1192    0.4015   -0.1413   -0.7937    0.8778    0.2870   -0.0479    0.5721

	>> net.pNoise

	ans =

	    0.3564    0.2911    1.0000    0.3404    0.0892    0.4559    0.6324         0    0.6851    0.6950