accumulateStats('90/6145.mat')
0.087501,0.006865,0.051364

joint =

    0.1201    0.0532    0.0273    0.0504    0.2394    0.0731    0.1731    0.2634


conditionals =

    0.4785    0.2120    0.1088    0.2008         0         0         0         0
         0         0         0         0    0.3196    0.0976    0.2311    0.3517
    0.2472    0.1095         0         0    0.4928    0.1505         0         0
    0.6930    0.3070         0         0         0         0         0         0
         0         0         0         0    0.7661    0.2339         0         0
         0         0    0.0531    0.0980         0         0    0.3366    0.5123
         0         0    0.3514    0.6486         0         0         0         0
         0         0         0         0         0         0    0.3966    0.6034
    0.2145         0    0.0488         0    0.4276         0    0.3092         0
    0.8148         0    0.1852         0         0         0         0         0
         0         0         0         0    0.5804         0    0.4196         0
    0.3341         0         0         0    0.6659         0         0         0
         0         0    0.1362         0         0         0    0.8638         0
         0    0.1209         0    0.1145         0    0.1661         0    0.5985
         0    0.5135         0    0.4865         0         0         0         0
         0         0         0         0         0    0.2172         0    0.7828
         0    0.4212         0         0         0    0.5788         0         0
         0         0         0    0.1606         0         0         0    0.8394


state =

    0.3024    0.2049    0.3269    0.1658         0         0         0         0
         0         0         0         0    0.3335    0.1324    0.2191    0.3150
    0.3188    0.1718         0         0    0.3558    0.1536         0         0
    0.6931    0.3069         0         0         0         0         0         0
         0         0         0         0    0.6282    0.3718         0         0
         0         0    0.1981    0.0314         0         0    0.3381    0.4324
         0         0    0.6419    0.3581         0         0         0         0
         0         0         0         0         0         0    0.5271    0.4729
    0.3623         0    0.1430         0    0.1174         0    0.3773         0
    0.4691         0    0.5309         0         0         0         0         0
         0         0         0         0    0.4292         0    0.5708         0
    0.7181         0         0         0    0.2819         0         0         0
         0         0    0.3190         0         0         0    0.6810         0
         0    0.0909         0    0.0200         0    0.4416         0    0.4475
         0    0.6690         0    0.3310         0         0         0         0
         0         0         0         0         0    0.5080         0    0.4920
         0    0.2701         0         0         0    0.7299         0         0
         0         0         0         0         0         0         0    1.0000

1,90/6145.mat,success,0,3.178068,0.093902
p(a)           = 0.440100
p(b)           = 0.514200
p(c)           = 0.749000
p(a)p(b)p(c)   = 0.169498
p(b=1|a=0,c=0) = 0.185210
p(b=1|a=0,c=1) = 0.419636
p(b=1|a=1,c=0) = 0.486486
p(b=1|a=1,c=1) = 0.782764