accumulateStats('91/9708.mat')
0.090875,0.005917,0.040517

joint =

    0.1064    0.0507    0.0306    0.0473    0.2612    0.0778    0.1596    0.2664


conditionals =

    0.4528    0.2157    0.1302    0.2013         0         0         0         0
         0         0         0         0    0.3414    0.1017    0.2086    0.3482
    0.2145    0.1022         0         0    0.5265    0.1568         0         0
    0.6773    0.3227         0         0         0         0         0         0
         0         0         0         0    0.7705    0.2295         0         0
         0         0    0.0607    0.0939         0         0    0.3167    0.5287
         0         0    0.3928    0.6072         0         0         0         0
         0         0         0         0         0         0    0.3746    0.6254
    0.1907         0    0.0549         0    0.4683         0    0.2861         0
    0.7766         0    0.2234         0         0         0         0         0
         0         0         0         0    0.6207         0    0.3793         0
    0.2894         0         0         0    0.7106         0         0         0
         0         0    0.1609         0         0         0    0.8391         0
         0    0.1147         0    0.1070         0    0.1759         0    0.6024
         0    0.5173         0    0.4827         0         0         0         0
         0         0         0         0         0    0.2260         0    0.7740
         0    0.3946         0         0         0    0.6054         0         0
         0         0         0    0.1508         0         0         0    0.8492


state =

    0.3128    0.2022    0.3066    0.1784         0         0         0         0
         0         0         0         0    0.3179    0.1510    0.2314    0.2997
    0.2829    0.1707         0         0    0.3553    0.1911         0         0
    0.6798    0.3202         0         0         0         0         0         0
         0         0         0         0    0.5945    0.4055         0         0
         0         0    0.1738    0.0263         0         0    0.3408    0.4591
         0         0    0.6480    0.3520         0         0         0         0
         0         0         0         0         0         0    0.5224    0.4776
    0.3496         0    0.1496         0    0.1324         0    0.3684         0
    0.5406         0    0.4594         0         0         0         0         0
         0         0         0         0    0.4189         0    0.5811         0
    0.6891         0         0         0    0.3109         0         0         0
         0         0    0.3340         0         0         0    0.6660         0
         0    0.0843         0    0.0178         0    0.4253         0    0.4726
         0    0.6387         0    0.3613         0         0         0         0
         0         0         0         0         0    0.5048         0    0.4952
         0    0.2508         0         0         0    0.7492         0         0
         0         0         0         0         0         0         0    1.0000

1,91/9708.mat,success,0,2.918978,0.095939
p(a)           = 0.442200
p(b)           = 0.503900
p(c)           = 0.765000
p(a)p(b)p(c)   = 0.170461
p(b=1|a=0,c=0) = 0.223358
p(b=1|a=0,c=1) = 0.379278
p(b=1|a=1,c=0) = 0.482653
p(b=1|a=1,c=1) = 0.773969