accumulateStats('92/507.mat')
0.087949,0.000270,0.050344

joint =

    0.1238    0.0561    0.0319    0.0526    0.2532    0.0569    0.1810    0.2445


conditionals =

    0.4682    0.2122    0.1207    0.1989         0         0         0         0
         0         0         0         0    0.3442    0.0774    0.2461    0.3324
    0.2527    0.1145         0         0    0.5167    0.1161         0         0
    0.6882    0.3118         0         0         0         0         0         0
         0         0         0         0    0.8165    0.1835         0         0
         0         0    0.0625    0.1031         0         0    0.3549    0.4794
         0         0    0.3775    0.6225         0         0         0         0
         0         0         0         0         0         0    0.4254    0.5746
    0.2099         0    0.0541         0    0.4292         0    0.3068         0
    0.7951         0    0.2049         0         0         0         0         0
         0         0         0         0    0.5831         0    0.4169         0
    0.3284         0         0         0    0.6716         0         0         0
         0         0    0.1498         0         0         0    0.8502         0
         0    0.1368         0    0.1283         0    0.1387         0    0.5962
         0    0.5161         0    0.4839         0         0         0         0
         0         0         0         0         0    0.1888         0    0.8112
         0    0.4965         0         0         0    0.5035         0         0
         0         0         0    0.1770         0         0         0    0.8230


state =

    0.3483    0.1772    0.3102    0.1643         0         0         0         0
         0         0         0         0    0.3934    0.0797    0.1683    0.3586
    0.3450    0.1408         0         0    0.3703    0.1439         0         0
    0.7168    0.2832         0         0         0         0         0         0
         0         0         0         0    0.6838    0.3162         0         0
         0         0    0.1599    0.0490         0         0    0.4012    0.3899
         0         0    0.6852    0.3148         0         0         0         0
         0         0         0         0         0         0    0.5364    0.4636
    0.3914         0    0.1167         0    0.1091         0    0.3828         0
    0.4884         0    0.5116         0         0         0         0         0
         0         0         0         0    0.4319         0    0.5681         0
    0.6635         0         0         0    0.3365         0         0         0
         0         0    0.3069         0         0         0    0.6931         0
         0    0.1124         0    0.0234         0    0.4227         0    0.4415
         0    0.6855         0    0.3145         0         0         0         0
         0         0         0         0         0    0.5228         0    0.4772
         0    0.2306         0         0         0    0.7694         0         0
         0         0         0         0         0         0         0    1.0000

1,92/507.mat,success,0,3.304208,0.090649
p(a)           = 0.410100
p(b)           = 0.510000
p(c)           = 0.735600
p(a)p(b)p(c)   = 0.153851
p(b=1|a=0,c=0) = 0.204881
p(b=1|a=0,c=1) = 0.416859
p(b=1|a=1,c=0) = 0.483901
p(b=1|a=1,c=1) = 0.811214