accumulateStats('93/8745.mat')
0.093800,0.012883,0.044750

joint =

    0.1076    0.0480    0.0301    0.0360    0.2677    0.0767    0.1576    0.2763


conditionals =

    0.4853    0.2165    0.1358    0.1624         0         0         0         0
         0         0         0         0    0.3440    0.0985    0.2025    0.3550
    0.2152    0.0960         0         0    0.5354    0.1534         0         0
    0.6915    0.3085         0         0         0         0         0         0
         0         0         0         0    0.7773    0.2227         0         0
         0         0    0.0602    0.0720         0         0    0.3152    0.5526
         0         0    0.4554    0.5446         0         0         0         0
         0         0         0         0         0         0    0.3632    0.6368
    0.1911         0    0.0535         0    0.4755         0    0.2799         0
    0.7814         0    0.2186         0         0         0         0         0
         0         0         0         0    0.6294         0    0.3706         0
    0.2867         0         0         0    0.7133         0         0         0
         0         0    0.1604         0         0         0    0.8396         0
         0    0.1098         0    0.0824         0    0.1755         0    0.6323
         0    0.5714         0    0.4286         0         0         0         0
         0         0         0         0         0    0.2173         0    0.7827
         0    0.3849         0         0         0    0.6151         0         0
         0         0         0    0.1153         0         0         0    0.8847


state =

    0.3364    0.1959    0.2774    0.1903         0         0         0         0
         0         0         0         0    0.3219    0.1430    0.2515    0.2836
    0.3054    0.1569         0         0    0.3664    0.1713         0         0
    0.6621    0.3379         0         0         0         0         0         0
         0         0         0         0    0.6122    0.3878         0         0
         0         0    0.2083    0.0132         0         0    0.3329    0.4456
         0         0    0.6204    0.3796         0         0         0         0
         0         0         0         0         0         0    0.5036    0.4964
    0.3353         0    0.1480         0    0.1536         0    0.3631         0
    0.4525         0    0.5475         0         0         0         0         0
         0         0         0         0    0.4321         0    0.5679         0
    0.6562         0         0         0    0.3438         0         0         0
         0         0    0.3167         0         0         0    0.6833         0
         0    0.1103         0    0.0164         0    0.4377         0    0.4356
         0    0.6841         0    0.3159         0         0         0         0
         0         0         0         0         0    0.5198         0    0.4802
         0    0.3369         0         0         0    0.6631         0         0
         0         0         0         0         0         0         0    1.0000

1,93/8745.mat,success,0,2.563468,0.106241
p(a)           = 0.437000
p(b)           = 0.500000
p(c)           = 0.778300
p(a)p(b)p(c)   = 0.170059
p(b=1|a=0,c=0) = 0.218591
p(b=1|a=0,c=1) = 0.370562
p(b=1|a=1,c=0) = 0.428571
p(b=1|a=1,c=1) = 0.782720